//0
2.100000
0.900000
301.500000
369.000000
0.000000
Minsk

//1
1.545000
0.950000
251.700000
555.000000
4200.000000
Warsaw

//2
1.590000
1.000000
134.000000
222.000000
3180.000000
Prague

//3
1.485000
1.115000
72.700000
391.000000
4410.000000
Vein

//4
1.770000
1.500000
494.000000
287.000000
3480.000000
Milan

//5
1.380000
1.350000
228.000000
346.000000
3180.000000
Marseilles

//6
1.515000
1.170000
166.000000
0.000000
3750.000000
Barselona

//7
1.545000
0.813000
219.000000
407.000000
4020.000000
Kiev

//8
1.200000
0.871000
64.600000
80.000000
3390.000000
Kishinev

//9
1.635000
4.500000
357.000000
143.000000
3510.000000
Bucharest

//10
1.440000
0.948000
215.000000
182.000000
4320.000000
Sofia

//11
1.680000
1.438000
609.000000
0.000000
3720.000000
Athens